product 0 0 0 92 93 151.5 191 0 0 0 0 0 0 0
product 0 0 0 155 93 215.5 189.5 0 0 0 0 0 0 0
product 0 0 0 466 93 521.5 190.5 0 0 0 0 0 0 0
product 0 0 0 530 93 588 192.5 0 0 0 0 0 0 0
product 0 0 0 221 96 279 190 0 0 0 0 0 0 0
product 0 0 0 407 94 461.5 192 0 0 0 0 0 0 0
product 0 0 0 341 96 401.5 192 0 0 0 0 0 0 0
product 0 0 0 279 98 336 192 0 0 0 0 0 0 0
product 0 0 0 33 144 96 188 0 0 0 0 0 0 0
product 0 0 0 331 0 382 34 0 0 0 0 0 0 0
product 0 0 0 387 0 444 34 0 0 0 0 0 0 0
product 0 0 0 518 0 583 34.5 0 0 0 0 0 0 0
product 0 0 0 448 0 512 35 0 0 0 0 0 0 0
product 0 0 0 90 0 140 36.5 0 0 0 0 0 0 0
product 0 0 0 274 0 327.5 38 0 0 0 0 0 0 0
product 0 0 0 141 0 205 41 0 0 0 0 0 0 0
product 0 0 0 15 0 80 41 0 0 0 0 0 0 0
product 0 0 0 211 0 266.5 42 0 0 0 0 0 0 0
product 0 0 0 499 237 558.5 326.5 0 0 0 0 0 0 0
product 0 0 0 435 238 489.5 327.5 0 0 0 0 0 0 0
product 0 0 0 376 239 431.5 328.5 0 0 0 0 0 0 0
product 0 0 0 17 238 78.5 330 0 0 0 0 0 0 0
product 0 0 0 256 239 308 327.5 0 0 0 0 0 0 0
product 0 0 0 140 239 194.5 328.5 0 0 0 0 0 0 0
product 0 0 0 81 239 136.5 329.5 0 0 0 0 0 0 0
product 0 0 0 201 240 253 330 0 0 0 0 0 0 0
product 0 0 0 318 241 370 328.5 0 0 0 0 0 0 0
product 0 0 0 310 354 354 404 0 0 0 0 0 0 0
product 0 0 0 207 353 253 414.5 0 0 0 0 0 0 0
product 0 0 0 260 367 306 409.5 0 0 0 0 0 0 0
product 0 0 0 144 363 195 451 0 0 0 0 0 0 0
product 0 0 0 508 374 567.5 458.5 0 0 0 0 0 0 0
product 0 0 0 361 375 415.5 458.5 0 0 0 0 0 0 0
product 0 0 0 428 376 482.5 460 0 0 0 0 0 0 0
product 0 0 0 77 377 136.5 459.5 0 0 0 0 0 0 0
product 0 0 0 16 378 74 460 0 0 0 0 0 0 0
product 0 0 0 156 484 202 550 0 0 0 0 0 0 0
product 0 0 0 307 483 357 557 0 0 0 0 0 0 0
product 0 0 0 204 483 252.5 558.5 0 0 0 0 0 0 0
product 0 0 0 90 492 145.5 574 0 0 0 0 0 0 0
product 0 0 0 475 492 529.5 574 0 0 0 0 0 0 0
product 0 0 0 365 494 424.5 574 0 0 0 0 0 0 0
product 0 0 0 254 494 306 576 0 0 0 0 0 0 0
product 0 0 0 27 498 87.5 573.5 0 0 0 0 0 0 0
empty 0 0 0 423 509 469 572.5 0 0 0 0 0 0 0
product 0 0 0 262 598 312 640 0 0 0 0 0 0 0
empty 0 0 0 481 602 529.5 640 0 0 0 0 0 0 0
empty 0 0 0 74 602 120 640 0 0 0 0 0 0 0
empty 0 0 0 122 608 157.5 640 0 0 0 0 0 0 0
product 0 0 0 434 612 486 640 0 0 0 0 0 0 0
product 0 0 0 372 613 425.5 639.5 0 0 0 0 0 0 0
product 0 0 0 313 614 366.5 640 0 0 0 0 0 0 0
product 0 0 0 154 615 206 639.5 0 0 0 0 0 0 0
product 0 0 0 207 616 259 640 0 0 0 0 0 0 0
