product 0 0 0 474 24 537 109.5 0 0 0 0 0 0 0
product 0 0 0 247 24 323 112.5 0 0 0 0 0 0 0
product 0 0 0 331 37 408 113.5 0 0 0 0 0 0 0
product 0 0 0 190 43 254 108.5 0 0 0 0 0 0 0
product 0 0 0 166 175 248 294.5 0 0 0 0 0 0 0
product 0 0 0 246 178 324 298 0 0 0 0 0 0 0
product 0 0 0 324 182 401 298 0 0 0 0 0 0 0
product 0 0 0 567 178 640 302 0 0 0 0 0 0 0
product 0 0 0 482 182 569.5 299.5 0 0 0 0 0 0 0
product 0 0 0 402 183 474.5 299.5 0 0 0 0 0 0 0
product 0 0 0 97 237 167 290.5 0 0 0 0 0 0 0
product 0 0 0 56 349 132 470.5 0 0 0 0 0 0 0
product 0 0 0 134 351 210 470.5 0 0 0 0 0 0 0
product 0 0 0 207 354 281.5 472 0 0 0 0 0 0 0
product 0 0 0 287 355 357 472.5 0 0 0 0 0 0 0
product 0 0 0 359 357 431.5 476.5 0 0 0 0 0 0 0
product 0 0 0 437 359 515 475.5 0 0 0 0 0 0 0
product 0 0 0 519 360 597 480 0 0 0 0 0 0 0
product 0 0 0 598 361 640 479 0 0 0 0 0 0 0
product 0 0 0 414 510 472 566 0 0 0 0 0 0 0
product 0 0 0 276 506 343.5 582.5 0 0 0 0 0 0 0
product 0 0 0 346 516 409 574 0 0 0 0 0 0 0
product 0 0 0 199 508 269 620 0 0 0 0 0 0 0
product 0 0 0 34 530 114.5 640 0 0 0 0 0 0 0
product 0 0 0 111 530 193 640 0 0 0 0 0 0 0
product 0 0 0 489 540 572 640 0 0 0 0 0 0 0
product 0 0 0 579 547 640 639 0 0 0 0 0 0 0
product 0 0 0 406 11 476 109.5 0 0 0 0 0 0 0
product 0 0 0 618 22 640 106 0 0 0 0 0 0 0
product 0 0 0 540 24 611 107.5 0 0 0 0 0 0 0
product 0 0 0 93 23 171 108.5 0 0 0 0 0 0 0
