product 0 0 0 316 182 408.5 341.5 0 0 0 0 0 0 0
product 0 0 0 80 191 196 353 0 0 0 0 0 0 0
product 0 0 0 409 188 515.5 358 0 0 0 0 0 0 0
product 0 0 0 198 193 302.5 361.5 0 0 0 0 0 0 0
product 0 0 0 507 201 634 377.5 0 0 0 0 0 0 0
product 0 0 0 624 233 640 366 0 0 0 0 0 0 0
product 0 0 0 551 0 640 96 0 0 0 0 0 0 0
product 0 0 0 502 426 591 564.5 0 0 0 0 0 0 0
product 0 0 0 54 0 194 102.5 0 0 0 0 0 0 0
product 0 0 0 296 443 394.5 585.5 0 0 0 0 0 0 0
empty 0 0 0 124 463 221 576.5 0 0 0 0 0 0 0
product 0 0 0 396 451 494.5 592.5 0 0 0 0 0 0 0
empty 0 0 0 220 473 298 585.5 0 0 0 0 0 0 0
product 0 0 0 595 470 640 602 0 0 0 0 0 0 0
product 0 0 0 320 0 436 110.5 0 0 0 0 0 0 0
product 0 0 0 439 0 547 112 0 0 0 0 0 0 0
product 0 0 0 188 1 323 112.5 0 0 0 0 0 0 0
