product 0 0 0 157 147 204 212 0 0 0 0 0 0 0
product 0 0 0 400 11 462 97 0 0 0 0 0 0 0
product 0 0 0 155 245 190 289.5 0 0 0 0 0 0 0
product 0 0 0 254 234 295.5 289.5 0 0 0 0 0 0 0
product 0 0 0 292 235 332 289.5 0 0 0 0 0 0 0
product 0 0 0 188 240 224 290 0 0 0 0 0 0 0
product 0 0 0 220 237 257 289 0 0 0 0 0 0 0
product 0 0 0 347 1 407 103 0 0 0 0 0 0 0
product 0 0 0 207 38 262 115.5 0 0 0 0 0 0 0
product 0 0 0 404 135 458 200.5 0 0 0 0 0 0 0
product 0 0 0 268 440 297 473.5 0 0 0 0 0 0 0
product 0 0 0 193 143 239 213.5 0 0 0 0 0 0 0
product 0 0 0 298 20 355 110 0 0 0 0 0 0 0
product 0 0 0 252 30 309.5 113 0 0 0 0 0 0 0
product 0 0 0 123 43 177.5 127.5 0 0 0 0 0 0 0
product 0 0 0 327 237 369.5 289 0 0 0 0 0 0 0
product 0 0 0 297 441 325.5 475.5 0 0 0 0 0 0 0
product 0 0 0 317 134 377.5 205 0 0 0 0 0 0 0
product 0 0 0 207 313 238.5 357.5 0 0 0 0 0 0 0
product 0 0 0 269 316 307.5 361 0 0 0 0 0 0 0
product 0 0 0 306 313 345.5 358.5 0 0 0 0 0 0 0
product 0 0 0 120 151 166.5 215 0 0 0 0 0 0 0
product 0 0 0 222 143 274.5 206.5 0 0 0 0 0 0 0
product 0 0 0 368 232 410.5 283.5 0 0 0 0 0 0 0
product 0 0 0 325 446 353 477.5 0 0 0 0 0 0 0
product 0 0 0 162 45 220 122 0 0 0 0 0 0 0
product 0 0 0 236 315 271.5 358 0 0 0 0 0 0 0
product 0 0 0 339 388 367 416 0 0 0 0 0 0 0
product 0 0 0 172 317 209.5 358.5 0 0 0 0 0 0 0
product 0 0 0 409 233 453 283.5 0 0 0 0 0 0 0
product 0 0 0 369 388 393.5 416.5 0 0 0 0 0 0 0
empty 0 0 0 371 145 410.5 200 0 0 0 0 0 0 0
product 0 0 0 215 437 244 468.5 0 0 0 0 0 0 0
product 0 0 0 81 153 127.5 215.5 0 0 0 0 0 0 0
product 0 0 0 245 439 272.5 470.5 0 0 0 0 0 0 0
product 0 0 0 189 373 218.5 406.5 0 0 0 0 0 0 0
product 0 0 0 376 439 410 478.5 0 0 0 0 0 0 0
empty 0 0 0 350 446 377.5 481.5 0 0 0 0 0 0 0
product 0 0 0 218 380 249 411 0 0 0 0 0 0 0
product 0 0 0 434 450 466.5 487 0 0 0 0 0 0 0
product 0 0 0 419 393 450.5 420 0 0 0 0 0 0 0
product 0 0 0 111 244 155.5 291 0 0 0 0 0 0 0
product 0 0 0 56 48 142 139 0 0 0 0 0 0 0
product 0 0 0 301 383 340 414 0 0 0 0 0 0 0
empty 0 0 0 279 379 302 413 0 0 0 0 0 0 0
empty 0 0 0 398 385 419.5 417.5 0 0 0 0 0 0 0
product 0 0 0 274 139 312.5 205 0 0 0 0 0 0 0
empty 0 0 0 390 312 424 357 0 0 0 0 0 0 0
product 0 0 0 165 377 191.5 410.5 0 0 0 0 0 0 0
product 0 0 0 37 55 102 133.5 0 0 0 0 0 0 0
empty 0 0 0 251 380 277 412 0 0 0 0 0 0 0
empty 0 0 0 356 313 392 353.5 0 0 0 0 0 0 0
empty 0 0 0 422 306 455.5 357 0 0 0 0 0 0 0
empty 0 0 0 405 449 433.5 483 0 0 0 0 0 0 0
empty 0 0 0 146 323 175 356 0 0 0 0 0 0 0
empty 0 0 0 192 437 219 467 0 0 0 0 0 0 0
product 0 0 0 53 184 87 237.5 0 0 0 0 0 0 0
product 0 0 0 82 267 112.5 306.5 0 0 0 0 0 0 0
product 0 0 0 107 310 142 365 0 0 0 0 0 0 0
product 0 0 0 130 368 151.5 408 0 0 0 0 0 0 0
product 0 0 0 150 420 175.5 456.5 0 0 0 0 0 0 0
