product 0 0 0 140 370 236 510 0 0 0 0 0 0 0
product 0 0 0 222 378 321 521 0 0 0 0 0 0 0
product 0 0 0 304 386 403.5 531.5 0 0 0 0 0 0 0
product 0 0 0 385 395 488.5 539.5 0 0 0 0 0 0 0
product 0 0 0 468 406 582 547 0 0 0 0 0 0 0
product 0 0 0 569 420 640 559 0 0 0 0 0 0 0
product 0 0 0 129 533 208 616.5 0 0 0 0 0 0 0
product 0 0 0 262 567 345 640 0 0 0 0 0 0 0
product 0 0 0 186 573 273.5 639.5 0 0 0 0 0 0 0
product 0 0 0 362 575 440 639.5 0 0 0 0 0 0 0
product 0 0 0 452 583 529 640 0 0 0 0 0 0 0
product 0 0 0 554 591 622.5 639.5 0 0 0 0 0 0 0
product 0 0 0 534 8 640 172 0 0 0 0 0 0 0
product 0 0 0 246 35 353.5 147.5 0 0 0 0 0 0 0
product 0 0 0 335 42 441 158.5 0 0 0 0 0 0 0
product 0 0 0 423 50 525.5 166.5 0 0 0 0 0 0 0
product 0 0 0 189 187 298.5 336 0 0 0 0 0 0 0
product 0 0 0 364 203 469.5 352.5 0 0 0 0 0 0 0
product 0 0 0 482 213 596.5 363.5 0 0 0 0 0 0 0
product 0 0 0 586 250 640 369.5 0 0 0 0 0 0 0
